Index,Cr,Mn,Fe,Co,Mo
1,13.81579,34.53947,13.15789,26.72697,11.75987
2,14.85714,36.16327,11.59184,25.06122,12.32653
3,16.29213,35.47352,11.47673,23.91653,12.84109
4,17.54941,35.73123,11.14625,21.81818,13.75494
5,18.34504,35.51913,10.77283,21.31148,14.05152
6,20.20202,35.50894,10.25641,19.26962,14.76301
7,21.2098,35.91118,9.87749,18.14701,14.85452
8,22.7907,35.5814,9.53488,16.89922,15.1938
9,23.8841,35.16053,9.24041,15.89663,15.81832
10,25.21535,35.63038,8.77056,14.56539,15.81832
11,27.251,34.0239,9.24303,13.86454,15.61753
12,13.32788,32.62469,13.00082,28.86345,12.18316
13,13.92092,33.11367,13.17957,27.34761,12.43822
14,15.32847,33.90105,12.00324,25.38524,13.382
15,15.96169,33.9186,12.2905,23.6233,14.20591
16,17.58242,33.75196,12.40188,21.97802,14.28571
17,19.21875,33.98438,11.17188,20.78125,14.84375
18,19.98451,33.53989,10.84431,19.59721,16.03408
19,21.28788,33.33333,10.75758,18.0303,16.59091
20,22.84615,34,10.07692,16.84615,16.23077
21,24.67131,33.41067,9.82212,15.8546,16.2413
22,26.14173,32.67717,9.05512,15.27559,16.85039
23,27.3773,32.51534,9.20245,13.49693,17.40798
24,29.31854,31.458,9.19176,12.83677,17.19493
25,12.36333,30.19344,14.55004,30.61396,12.27923
26,14.00166,30.07457,13.91881,28.41756,13.58741
27,14.28571,30.53061,13.71429,27.26531,14.20408
28,15.56452,31.45161,13.30645,25.64516,14.03226
29,16.51894,32.31265,12.57051,23.36825,15.22965
30,17.87975,31.88291,12.5,21.5981,16.13924
31,19.516,31.61593,12.72443,20.29664,15.84699
32,20.03082,31.81818,11.94145,19.41448,16.79507
33,22.23938,31.50579,11.66023,17.60618,16.98842
34,23.64193,31.36955,10.48202,16.60291,17.9036
35,24.70772,31.72253,10.1325,15.97818,17.45908
36,26.02317,31.50579,10.19305,15.28958,16.98842
37,27.5351,30.49922,9.67239,13.96256,18.33073
38,28.85066,29.39797,9.5387,13.52619,18.68647
39,31.57895,28.45395,9.12829,11.84211,18.99671
40,11.58333,27.5,16.16667,31.5,13.25
41,12.78008,28.04979,15.60166,30.29046,13.27801
42,13.54946,28.59518,15.6276,28.51205,13.71571
43,14.54248,28.83987,14.95098,26.96078,14.70588
44,15.486,29.65404,14.74465,24.54695,15.56837
45,17.06161,29.85782,13.74408,23.38073,15.95577
46,18.21767,30.20505,13.80126,21.76656,16.00946
47,19.11422,30.61383,13.05361,19.73582,17.48252
48,20.96648,29.85191,12.54871,18.7841,17.84879
49,22.14506,29.62963,12.34568,18.20988,17.66975
50,23.4796,29.79215,12.1632,16.55119,18.01386
51,25.01919,28.93323,11.28166,15.34919,19.41673
52,27.02079,28.86836,10.70054,14.70362,18.7067
53,27.84711,28.70515,9.75039,14.27457,19.42278
54,29.73186,27.52366,9.46372,13.24921,20.03155
55,31.15142,26.97161,9.22713,12.3817,20.26814
56,32.15686,26.43137,8.94118,11.52941,20.94118
57,10.64189,25.50676,17.82095,33.36149,12.66892
58,12.06323,25.37438,17.1381,31.61398,13.81032
59,12.53154,26.32464,16.48444,30.02523,14.63415
60,13.30579,27.93388,16.1157,28.34711,14.29752
61,14.90581,26.69943,16.21622,26.45373,15.72482
62,16.09287,28.26261,15.85268,23.29864,16.49319
63,17.17252,28.4345,14.77636,22.84345,16.77316
64,17.88553,27.98092,13.6725,22.09857,18.36248
65,19.43794,28.57143,13.34895,20.37471,18.26698
66,20.61538,28.53846,13.84615,18.84615,18.15385
67,22.38462,27.76923,12.23077,18.38462,19.23077
68,23.19939,27.59666,12.81274,17.13419,19.25701
69,24.82545,27.46315,11.63693,15.5159,20.55857
70,26.34451,27.51364,10.98987,14.7311,20.42089
71,27.90335,26.8901,9.74279,14.49727,20.96648
72,29.39347,26.20529,10.49767,13.06376,20.83981
73,31.5415,25.37549,9.64427,12.01581,21.42292
74,32.99768,24.39969,9.37258,11.54144,21.68861
75,35.16916,23.91817,8.6546,9.83478,22.42329
76,10.7113,23.84937,18.57741,33.64017,13.22176
77,11.59901,24.19221,18.39271,31.89727,13.91881
78,12.40633,24.39634,17.98501,30.55787,14.65445
79,14.00651,25.4886,17.10098,27.52443,15.87948
80,14.29759,25.51953,17.20698,26.51704,16.45885
81,15.66069,25.85644,16.39478,24.55139,17.5367
82,16.81001,26.66145,15.87177,22.90852,17.74824
83,18.48938,26.51456,14.63415,21.87254,18.48938
84,19.96868,26.6249,14.40877,19.89037,19.10728
85,20.71373,27.54073,13.96431,19.08456,18.69666
86,22.01066,26.50419,13.78522,17.97411,19.72582
87,23.88633,25.72965,12.90323,16.89708,20.58372
88,24.80799,25.42243,12.13518,16.20584,21.42857
89,26.61479,24.8249,11.51751,15.48638,21.55642
90,27.46914,25.07716,11.18827,13.73457,22.53086
91,29.56455,23.91138,10.77158,13.1398,22.61268
92,31.39535,23.41085,10.3876,12.09302,22.71318
93,32.73578,23.3827,9.82073,11.14575,22.91504
94,34.91078,21.79984,9.54228,10.47324,23.27386
95,10.15953,21.49454,20.15113,34.84467,13.35013
96,10.75897,22.26856,20.10008,32.61051,14.26188
97,12.07327,22.31474,19.4005,31.22398,14.98751
98,12.44847,23.24815,19.04369,29.43116,15.82852
99,13.34418,23.27095,17.9821,28.15297,17.2498
100,14.90939,24.29984,17.87479,25.94728,16.9687
101,15.47231,25,17.34528,23.7785,18.40391
102,17.02128,24.50749,16.70607,23.32545,18.43972
103,18.11765,24.70588,16.23529,21.17647,19.76471
104,18.95882,25.17483,15.69542,20.27972,19.89122
105,20.16492,24.73763,14.9925,19.04048,21.06447
106,21.94381,25.05695,14.65452,17.61579,20.72893
107,23.39939,24.92378,13.94817,16.69207,21.03659
108,25.01884,23.73775,13.11228,15.97589,22.15524
109,25.82375,24.0613,12.49042,14.78927,22.83525
110,27.41078,23.46241,11.46545,13.89522,23.76614
111,29.66692,22.54067,11.38652,13.09063,23.31526
112,31.09899,22.60327,10.36633,11.84723,24.08418
113,32.46355,21.48887,10.5142,11.3584,24.17498
114,34.47205,20.80745,9.86025,10.17081,24.68944
115,36.03053,20.15267,9.23664,9.46565,25.1145
116,9.81697,19.55075,21.46423,34.4426,14.72546
117,10.69024,20.11785,21.2963,32.49158,15.40404
118,11.25938,21.60133,20.5171,31.19266,15.42952
119,12.5624,21.96339,20.2995,29.03494,16.13977
120,13.20293,22.00489,19.7229,27.46536,17.60391
121,14.81185,22.17774,19.45556,24.73979,18.81505
122,15.66747,22.46203,18.86491,23.5012,19.5044
123,16.71851,23.09487,17.72939,22.70607,19.75117
124,17.93478,23.13665,16.84783,21.42857,20.65217
125,19.49541,22.93578,16.74312,20.03058,20.79511
126,20.18141,23.35601,16.02419,18.82086,21.61754
127,21.77235,23.07105,14.89687,17.79985,22.45989
128,23.02483,23.32581,14.07073,16.40331,23.17532
129,24.86651,22.65446,14.26392,15.40809,22.80702
130,25.99693,22.16258,13.72699,14.03374,24.07975
131,26.74242,21.59091,13.33333,13.40909,24.92424
132,28.8806,21.41791,11.71642,12.98507,25
133,30.61691,19.80198,11.57654,11.80503,26.19954
134,32.09125,20.38023,10.4943,10.64639,26.38783
135,33.45979,19.72686,10.01517,10.84977,25.94841
136,35.62597,19.0881,9.35085,9.65997,26.27512
137,10.20921,19.33054,22.42678,33.05439,14.97908
138,10.59603,19.37086,22.10265,32.03642,15.89404
139,11.22951,20.57377,21.63934,29.83607,16.72131
140,12.18522,20.5524,22.01462,27.86353,17.38424
141,13.51575,20.89552,21.06136,27.03151,17.49585
142,14.7502,20.93577,20.14274,25.21808,18.95321
143,15.69859,21.35008,19.78022,23.78336,19.38776
144,16.57502,21.4454,19.08877,22.46661,20.42419
145,18.20988,21.06481,18.3642,20.67901,21.6821
146,18.5994,21.61145,17.69578,19.42771,22.66566
147,20.36063,21.86326,16.60406,17.88129,23.29076
148,20.93726,22.14664,16.09977,17.46032,23.35601
149,23.05936,21.00457,15.82953,16.43836,23.66819
150,24.33257,21.12891,13.80625,15.33181,25.40046
151,25.59206,20.62643,13.44538,15.04966,25.28648
152,26.37195,20.12195,13.10976,13.56707,26.82927
153,28.71287,19.64966,12.262,12.10967,27.2658
154,30.2521,19.40413,11.61192,11.8411,26.89076
155,32.07547,18.71698,10.9434,11.01887,27.24528
156,34.24242,17.19697,10.30303,10.15152,28.10606
157,35.5273,17.42708,9.57367,9.94764,27.52431
158,9.77814,17.09121,24.56861,32.6212,15.94084
159,10.49634,17.57526,24.49146,30.83808,16.59886
160,11.39138,18.14483,23.92189,29.29211,17.2498
161,12.34964,18.60465,23.01524,27.34563,18.68484
162,12.98701,18.66883,22.6461,26.05519,19.64286
163,14.04762,19.68254,21.66667,24.60317,20
164,14.90196,20.15686,20.70588,23.45098,20.78431
165,15.74501,20.12289,20.12289,21.8126,22.19662
166,17.49049,19.1635,20.07605,20.68441,22.58555
167,19.20732,19.74085,18.90244,19.74085,22.40854
168,19.90916,19.53066,17.41105,18.54656,24.60257
169,21.70602,19.87814,17.44097,16.75552,24.21935
170,22.52457,19.50113,16.32653,16.40212,25.24565
171,23.44461,20.18209,15.55387,14.56753,26.2519
172,25.71644,19.9095,14.17798,13.65008,26.546
173,26.72673,18.69369,13.88889,13.13814,27.55255
174,27.82805,18.92911,13.12217,12.29261,27.82805
175,29.38497,17.84358,12.37661,11.16173,29.23311
176,30.55345,18.11979,11.97877,10.68992,28.65807
177,32.36607,17.03869,11.0119,10.11905,29.46429
178,34.15179,15.6994,10.71429,9.15179,30.28274
179,9.2775,17.24138,25.86207,31.36289,16.25616
180,10.87832,16.35778,25.30218,30.29815,17.16358
181,10.66775,17.34528,25.16287,28.4202,18.40391
182,11.59773,17.59935,24.73642,27.49392,18.57259
183,12.4498,18.07229,24.01606,25.54217,19.91968
184,13.97516,17.7795,22.82609,24.14596,21.27329
185,15.11628,18.52713,22.4031,22.32558,21.62791
186,16.2844,18.96024,20.87156,20.94801,22.93578
187,17.30183,18.14024,20.88415,20.19817,23.47561
188,18.87794,18.1956,19.63609,18.27142,25.01895
189,19.40299,18.65672,19.25373,18.0597,24.62687
190,21.04863,18.08511,18.16109,16.71733,25.98784
191,22.31343,18.73134,16.19403,16.04478,26.71642
192,23.64193,17.44453,15.99082,14.38409,28.53864
193,24.68212,18.24981,15.03366,13.68736,28.34705
194,25.47099,17.70912,14.77016,12.66014,29.3896
195,27.47006,17.36527,14.07186,11.82635,29.26647
196,28.87899,17.00074,12.69488,11.43281,29.99258
197,31.13553,16.48352,11.86813,9.96337,30.54945
198,31.5595,16.03843,11.16038,9.7561,31.48559
199,34.273,15.35608,10.68249,9.273,30.41543
200,9.44625,14.90228,27.36156,31.18893,17.10098
201,10.30008,15.49067,27.16951,29.6837,17.35604
202,10.58158,15.83199,25.68659,28.51373,19.38611
203,12.13089,16.12131,25.69832,26.4166,19.63288
204,12.3751,16.60261,25.3651,24.67333,20.98386
205,13.21484,16.92427,24.11128,23.95672,21.79289
206,15.14243,17.16642,22.93853,22.26387,22.48876
207,15.70561,16.8437,22.91351,20.63733,23.89985
208,16.96833,17.57164,21.4178,19.60784,24.43439
209,18.05027,16.90784,21.47753,18.27875,25.28561
210,18.8351,17.47352,19.81846,17.85174,26.02118
211,19.67091,16.82872,19.29693,16.37996,27.82349
212,21.78218,16.6032,17.89794,15.84158,27.8751
213,22.5425,16.85144,17.2949,14.33851,28.97265
214,24.01779,16.75315,16.23425,13.5656,29.42921
215,25.65056,15.53903,15.53903,12.7881,30.48327
216,26.93997,15.73939,14.27526,12.15227,30.89312
217,28.28508,16.10987,13.36303,10.76466,31.47736
218,29.80769,14.64497,12.5,10.79882,32.24852
219,31.45743,14.86291,11.90476,9.45166,32.32323
220,32.94375,14.39007,11.02995,8.76552,32.87071
221,9.2,14.4,28.56,30.56,17.28
222,10.82598,14.11387,28.62871,28.14755,18.28388
223,10.80442,16.00946,27.83912,26.18297,19.16404
224,11.65884,15.25822,27.38654,25.43036,20.26604
225,12.06226,15.71984,26.45914,23.73541,22.02335
226,13.74046,15.72519,25.1145,23.05344,22.36641
227,14.34049,16.18098,24.69325,20.70552,24.07975
228,16.13876,15.3092,23.60483,20.13575,24.81146
229,16.51652,16.14114,22.8979,19.81982,24.62462
230,17.11976,16.67891,22.11609,17.48714,26.59809
231,18.55204,16.21418,20.21116,16.96833,28.0543
232,19.9262,15.64576,19.631,16.08856,28.70849
233,21.23237,15.73868,18.78248,14.69933,29.54714
234,22.39032,15.65809,17.70045,14.37216,29.87897
235,23.38049,15.78555,16.4557,13.10499,31.27327
236,25.10917,14.91994,15.50218,12.66376,31.80495
237,26.51852,14.81481,14.59259,11.7037,32.37037
238,27.51479,14.49704,13.68343,10.72485,33.57988
239,29.16053,13.91753,13.40206,10.162,33.35788
240,30.10753,13.54839,12.5448,9.89247,33.90681
241,31.27247,13.73113,11.71819,9.20201,34.0762
242,9.71251,13.44211,29.83683,27.97203,19.03652
243,9.9537,13.04012,30.40123,26.15741,20.44753
244,11.33385,14.03238,28.60447,24.51812,21.51118
245,12.53799,14.20973,27.81155,22.79635,22.64438
246,13.20182,14.87102,27.08649,21.62367,23.217
247,13.73134,14.77612,26.1194,21.04478,24.32836
248,15.19174,14.60177,24.85251,20.20649,25.14749
249,15.87068,14.10727,24.09993,19.1036,26.81852
250,16.81548,15.10417,23.06548,17.55952,27.45536
251,18.14842,14.25422,21.60176,17.19324,28.80235
252,19.51039,14.54006,20.77151,15.65282,29.52522
253,19.77695,14.72119,20.07435,14.64684,30.78067
254,21.66172,14.46588,18.54599,14.02077,31.30564
255,22.26331,14.7929,17.60355,13.09172,32.24852
256,23.75367,14.00293,16.4956,11.95015,33.79765
257,24.98179,14.05681,15.58631,11.36198,34.01311
258,27.04495,13.26455,14.73839,10.68534,34.26676
259,28.0086,12.75072,13.68195,9.95702,35.60172
260,28.95501,12.8447,12.8447,9.36139,35.99419
261,9.03522,12.86371,31.54671,26.33997,20.2144
262,10.35276,12.34663,31.44172,24.15644,21.70245
263,10.97561,13.03354,30.33537,23.32317,22.33232
264,11.54717,13.96226,28.37736,22.86792,23.24528
265,12.94643,13.02083,28.27381,21.20536,24.55357
266,13.3678,13.29394,27.54801,20.60561,25.18464
267,14.50663,13.77025,26.43594,18.70398,26.58321
268,15.01479,13.7574,24.85207,18.19527,28.18047
269,16.79049,13.59584,23.84844,17.01337,28.75186
270,17.2949,13.89505,22.46859,15.89061,30.45085
271,18.14126,13.60595,21.85874,15.24164,31.15242
272,19.75128,13.46013,20.26335,14.55743,31.96781
273,20.59259,13.7037,19.03704,13.33333,33.33333
274,21.34588,13.0246,18.59624,12.80753,34.22576
275,22.89244,12.35465,17.29651,12.35465,35.10174
276,24.42529,12.5,16.02011,10.91954,36.13506
277,25.3073,12.65365,15.47361,10.62907,35.93637
278,26.96148,12.19686,14.05136,9.70043,37.08987
279,28.0677,11.70663,13.04654,8.81523,38.36389
280,10.09946,12.31829,32.21117,23.79495,21.57613
281,10.81081,12.46246,31.30631,21.92192,23.4985
282,11.46216,12.12344,30.34533,21.82219,24.24688
283,11.86317,12.66376,29.25764,21.10626,25.10917
284,13.15029,12.35549,28.39595,19.1474,26.95087
285,13.44477,12.57267,27.10756,18.82267,28.05233
286,14.89676,12.75811,25.88496,17.62537,28.83481
287,15.85185,12.74074,25.25926,16.2963,29.85185
288,16.507,13.04348,23.8762,15.18055,31.39278
289,18.32117,12.18978,22.40876,14.74453,32.33577
290,19.10029,11.72566,21.53392,14.23304,33.40708
291,20.39474,11.9883,19.95614,12.5,35.16082
292,21.1288,12.22865,18.81331,12.1563,35.67294
293,22.32525,11.69757,18.47361,11.62625,35.87732
294,23.38308,12.01137,16.91542,10.73205,36.95807
295,23.9628,11.87411,16.16595,10.15737,37.83977
296,25.92068,10.62323,14.87252,9.70255,38.88102
297,10.04464,10.49107,33.25893,22.17262,24.03274
298,11.21771,10.92251,31.58672,20.88561,25.38745
299,12.04037,11.2473,30.35328,20.11536,26.24369
300,12.00284,11.8608,29.82955,19.31818,26.98864
301,13.45876,11.21563,29.233,17.58321,28.50941
302,14.10072,11.43885,27.33813,17.05036,30.07194
303,15.02553,11.37856,26.11233,16.2655,31.21809
304,16.36495,11.22375,25.34395,14.69949,32.36785
305,16.4723,12.02624,23.83382,14.28571,33.38192
306,18.33455,10.66472,22.93645,13.36742,34.69686
307,18.78613,11.34393,21.60405,12.64451,35.62139
308,20.21201,11.23675,20,11.59011,36.96113
309,20.97004,11.34094,18.11698,11.12696,38.44508
310,22.86125,10.63983,17.46945,10.35226,38.67721
311,23.0226,11.22881,16.66667,9.5339,39.54802
312,11.06291,10.48445,33.11641,19.88431,25.45192
313,11.02941,10.73529,32.72059,18.60294,26.91176
314,12.48227,10.78014,30.99291,17.58865,28.15603
315,12.57143,10.5,29.78571,17.42857,29.71429
316,14.12186,10.39427,28.17204,15.98566,31.32616
317,14.58924,10.97734,27.26629,15.15581,32.01133
318,15.42289,10.80313,26.15494,14.28571,33.33333
319,15.99713,10.68867,24.46198,13.62984,35.22238
320,17.0381,10.35226,23.50827,12.94033,36.16104
321,18.26024,10.49605,21.78289,12.3652,37.09561
322,19.08178,10.40172,20.5165,11.40603,38.59397
323,20.12848,10.06424,19.55746,11.1349,39.11492
324,21.46376,9.71147,18.71921,9.78184,40.32372
325,10.62455,9.97846,33.45298,18.09045,27.85355
326,11.95104,9.28726,32.68539,16.77466,29.30166
327,12.76596,9.57447,30.92199,16.24113,30.49645
328,13.42857,9.92857,30,15.07143,31.57143
329,13.72965,9.62491,28.30856,15.14508,33.19179
330,14.38646,9.59097,27.00987,14.17489,34.8378
331,15.48894,9.77873,25.33904,13.7045,35.68879
332,16.72649,9.47595,24.1206,12.70639,36.97057
333,17.34838,9.44993,22.63752,11.84767,38.7165
334,18.46371,9.3728,20.64834,11.48696,40.02819
335,19.50355,8.86525,19.78723,10.85106,40.99291
336,11.55462,8.61345,31.79272,15.7563,32.28291
337,12.43851,8.99508,30.49895,14.8981,33.16936
338,13.5461,8.7234,29.71631,13.68794,34.32624
339,14.39553,9.01468,28.23201,12.85814,35.49965
340,15.32033,9.1922,25.41783,12.81337,37.25627
341,15.55711,9.11002,24.52698,12.26349,38.5424
342,15.88652,8.93617,23.19149,11.70213,40.28369
